         499           1  response strength is:                        NaN
         5.41607670110171      1061.24718500570407
         6.89928233735793         2.38003850007301
         7.34941779228918        14.62449663955722
         8.54490777504905         2.02400817353811
        21.09168227196940      2321.01329215638134
        22.43010092354010         7.45142634619606
        24.33540732019619         0.66717108644134
        25.44977169606169       151.84544729900858
        25.61295657909919        33.48148486882552
        26.81091864884323        12.44273074343476
        27.06428681593004         4.85291315188804
        27.84294572932005         0.03413624365830
        28.91594837788139        10.08291444858898
        29.10701867585851         4.85638448670176
        29.78550387338560         0.08525339200320
        29.89046539128780         0.07933636888367
        30.17653102454504         0.00037083659092
        30.67091477886644        14.57927995149179
        30.87858498166294         5.01606520089336
        31.11994029575978         0.07189939091623
        31.18954146969650         0.38081665362335
        31.65101404958423         0.00234543963158
        32.05196888956128         4.06979272413006
        32.34223991301740         0.01907598855085
        32.57840528129594         0.03669948292258
        33.12198215873098         0.50142898303929
        33.25460335641175         0.04945071898639
        33.75837696713752         0.25113547718100
        33.91484418327610         0.00308191697119
        34.14192722170640         0.09459883066641
        34.19488531893423         0.00857934828339
        34.35458384114307         0.01081575090232
        34.73141964299163         0.32062063261648
        34.83598514705674         0.01512220187378
        35.03487554460977         0.07404823821209
        35.17931061466094         0.04044775204422
        35.48940859164851         0.04361496815920
        35.68343079048638         0.10970067821113
        35.84085144947253         0.16773605856849
        36.10492448448116         0.32312314235648
        36.34087977890556         0.16685643397443
        36.62117790666376         0.26219699632913
        36.92883801147131         0.29468461594556
        37.16182931498093         0.34932612347172
        37.45792381713639         0.37619805188315
        37.77608405340479         0.20401919082243
        38.13168351012960         0.18404298167672
        38.42621158190533         0.19632412414325
        38.71375135274597         0.50521243198114
        39.08453294412536         0.16060260495734
        39.44229057876111         0.14002790616881
        39.82311517204788         0.31986455039317
        40.23458602195446         0.25778616607576
        40.56293439122990         0.27427863965859
        40.85448341311571         0.29719632175500
        41.32533353273958         0.19939185197699
        41.65534452566823         0.06393604055333
        42.15803238791901         0.04131236388615
        42.70587080945068         0.17178984962772
        42.93032745584768         0.09649126051448
        43.37943015336563         0.13328970815931
        44.05306796322842         0.87756285867200
        44.30928757354364         0.05772126466118
        44.96394191245355         0.05620603823713
        45.42492707377448         0.09743507224226
        45.78419288186587         0.18854766037422
        46.36715889012974         0.10725309781261
        46.68703344039469         0.45239976863340
        47.25434517229297         0.08364462974148
        47.87656018489804         0.06292198509309
        48.41779854442343         0.09420619976101
        48.89964804377775         0.09015982202824
        49.42098156111704         0.06989234786581
        50.04869528500403         0.08355974807652
        50.55719940021063         0.08475545401580
        51.10727604247338         0.08912293195167
        51.66724158480616         0.18726555309603
        52.25833573051392         0.13967703964980
        52.81950633123150         0.16832701995597
        53.44370953299771         0.17515785340226
        53.95779880423439         0.18008212746358
        54.62037252880960         0.18996476745742
        55.19393195339676         0.24014819976793
        55.84526183579911         0.28740690718209
        56.44606100939740         0.36364948665053
        57.02361681014322         0.43535630639182
        57.65098703773814         0.40030901162690
        58.30625300263748         0.38755416323014
        58.96499023658259         0.43082531540662
        59.56250892422250         0.44041806525255
        60.24176733426324         0.44561358339059
        60.89716359563425         0.51049356204466
        61.56142928954286         0.52596744031345
        62.24310037173953         0.69210929016189
        62.87228676272459         0.48840974474398
        63.60966378752796         0.43969399367250
        64.29337466685574         0.45695200802863
        64.94968659845530         0.44255706082894
        65.70772994833199         0.37887258967609
        66.41285991980301         0.47470369435073
        67.08956590273408         0.47373407349688
        67.79574759113314         0.33651175072116
        68.59866109814776         0.31544523788608
        69.31024717046020         0.31811455216783
        70.06780669292436         0.25176302891550
        70.85016765150306         0.21550859478459
        71.64267499943642         0.25353921626750
        72.40874678554717         0.24557220374102
        73.18504027918090         0.28338922440424
        73.96028004824817         0.32921213216802
        74.72362701065171         0.32258822944148
        75.53631431908390         0.27056010670815
        76.35919236549108         0.29242049621562
        77.15084632274629         0.31469458999736
        77.97905163650350         0.27151922813483
        78.82752755396598         0.28708846680594
        79.63683867752417         0.33118875528412
        80.46779924209916         0.37523285455765
        81.28085736268407         0.42757695523245
        82.13621838805990         0.42543185530843
        82.92334402507699         0.40330172675139
        83.81011300915999         0.37671855664785
        84.65223804155166         0.41503891019970
        85.50886023641291         0.39343327868007
        86.36547208657136         0.38224638700731
        87.24451780655950         0.37429840486405
        88.13018874028239         0.38038595130735
        88.98141272818593         0.36171457287308
        89.88731008200170         0.33883947003517
        90.76288854443476         0.31380683837827
        91.69992989585826         0.29117059069300
        92.61043525503680         0.28753086259148
        93.50878112284168         0.28273606628820
        94.44209941167171         0.26613082212898
        95.38086461840709         0.23664885350790
        96.31910892997182         0.24717600658452
        97.26009293840418         0.25555386422079
        98.17466492196961         0.27627253044185
        99.17061344964166         0.21904461924508
       100.12611981098809         0.25543908547308
       101.09437428921932         0.25933031381943
       102.04378322439868         0.25876552238341
       103.02805481613274         0.30399528508654
       103.98109537340000         0.30115850463423
       104.96024017805765         0.30950383729981
       105.95239224529824         0.32919063520332
       106.94599268090164         0.35117216523013
       107.92888230466231         0.39247100208187
       108.92617952221553         0.43905549455800
       109.90463138365942         0.49723781109872
       110.89459436315477         0.52469600311208
       111.85809536454687         0.57149155487304
       112.81979337838024         0.53002306334575
       113.84481401538295         0.44045193115690
       114.85081145296679         0.38212530134597
       115.89432616936041         0.33043899893131
       116.93617050682217         0.31906833993400
       117.97379747852803         0.30877258611354
       119.02856844490391         0.30237551316986
       120.07031548892364         0.29669231469519
       121.11452766132545         0.30495395145310
       122.15420875810270         0.28691030322357
       123.23618141680336         0.27333818100380
       124.30337498212891         0.27388533764013
       125.37592745707025         0.26942825446897
       126.45928429573432         0.28171027870380
       127.52869605273564         0.28900267310426
       128.60328901846100         0.29827856108518
       129.68877279658278         0.32458889708414
       130.75042979794219         0.31274509973046
       131.83763384777569         0.29377522564884
       132.93951157046916         0.27924739029142
       134.05851710105574         0.29124431406569
       135.14743165952254         0.29788731885895
       136.26352582081068         0.29811256202124
       137.37517447794099         0.31171442647414
       138.51565361636295         0.32734007323267
       139.63119789224646         0.36293364676982
       140.75593605358719         0.42686784283250
       141.89089889938217         0.48944119480051
       143.02061237641055         0.62475631395796
       144.14136590808343         0.90759502938048
       145.21128371261003         1.25584379494774
       146.26483070475882         1.68317394960798
       147.29039420347024         1.63285644500104
       148.32795882419626         1.34420667158281
       149.38512662657305         0.82218669605890
       150.52333185443410         0.48108972769660
       151.71607011020799         0.34090271352560
       152.89042804173059         0.27559388197005
       154.05002952701651         0.23801423133047
       155.23598316813585         0.20925182755541
       156.40936078558920         0.18120782593123
       157.60211803396390         0.17438512160082
       158.76592258026002         0.16486084169705
       159.95346507735835         0.16169771665601
       161.12998199035232         0.15341860042420
       162.28715679524933         0.14396535465006
       163.50124590357777         0.13203118920030
       164.70233623851354         0.13241545285442
       165.88924114954483         0.13635211777474
       167.08786022611918         0.14152463353010
       168.26482599644223         0.13755213343394
       169.46531536500856         0.13468918447847
       170.65024047020333         0.13015074587067
       171.85499354702188         0.13134724667180
       173.06247824035304         0.13361699780881
       174.26195329890749         0.14419571196181
       175.43855615302863         0.14589474768989
       176.63622662748980         0.13451208067999
       177.83309043686913         0.12699958572176
       179.06330947400727         0.12551415763912
       180.25877824530693         0.12296617020449
       181.48479276075037         0.11967733343165
       182.68854989048506         0.12240927615462
       183.89540974301124         0.11832981821272
       185.12163475953807         0.11857330951951
       186.31668002011847         0.11659073018038
       187.54006319884317         0.10803685748451
       188.75548627240411         0.09905598315089
       189.99803905418619         0.09588021735351
       191.23115718654640         0.09660264419786
       192.44764633268204         0.10025787346953
       193.67353151904268         0.09541412809316
       194.90905650954772         0.09342588653821
       196.14048847020891         0.09256053757771
       197.36783294582455         0.08840987470008
       198.60175995155970         0.08554034951096
       199.83767167736377         0.08623064652231
       201.07596220256826         0.08140910737681
       202.34307843933976         0.08390258777209
       203.57203412189591         0.09108284472443
       204.79647363240102         0.09105013049768
       206.03890334016134         0.09145608733122
       207.28638754332155         0.09284006978932
       208.51557666817479         0.09862150173416
       209.74633651952590         0.09504222369397
       210.98054620622545         0.09827542284001
       212.20493034847058         0.09503638144509
       213.45611378770749         0.09067475612928
       214.69972816615171         0.09701274346491
       215.92069669942083         0.09646990616610
       217.15524345697824         0.08992584423429
       218.40275720540868         0.08648735558964
       219.66601960666824         0.08415313021256
       220.90556604442912         0.09454397045014
       222.12176068423412         0.10406813005220
       223.32439200211380         0.09564477145270
       224.54658069484120         0.08307769907362
       225.79899637365494         0.07270980545436
       227.05689031598243         0.06589740764690
       228.32032406033989         0.06207320670930
       229.56785980199908         0.06309025331008
       230.80733917250777         0.06142551099299
       232.04777443860971         0.05994584501988
       233.29527909366740         0.05885083308767
       234.52861054320152         0.05530832934780
       235.78789741406598         0.05269722617572
       237.03869233169971         0.05113483953756
       238.28325739231340         0.05346917188723
       239.52002605643210         0.05342599031165
       240.74227512526932         0.05113147179317
       242.00113424175836         0.04963533016087
       243.23472148085835         0.04659741709770
       244.48634507911109         0.04682965663474
       245.70719568484270         0.04630130142558
       246.94215366897402         0.04421761146039
       248.19121981421148         0.04282970101726
       249.41231634914499         0.04017979725303
       250.66032568497064         0.03722659407105
       251.89920474874845         0.03580690384544
       253.12612166796475         0.03630912998216
       254.37503578248922         0.03506626254040
       255.58075634780366         0.03270419981588
       256.81798115052368         0.02892153517553
       258.06679211432453         0.02806491765989
       259.30220184324133         0.02601384817809
       260.54269625800418         0.02688300384379
       261.78257144386561         0.02516537663816
       263.00473813625223         0.02449382405903
       264.24659828465434         0.02494301102290
       265.47865289999567         0.02579922810199
       266.69699388721313         0.02623911089921
       267.92056650819336         0.02615014575198
       269.14270393467393         0.02696582345071
       270.34569701203731         0.02853403788783
       271.53532686897222         0.02859302228356
       272.74806092151817         0.02841998076395
       273.94454905810881         0.02571383001041
       275.14819841823453         0.02403409525365
       276.37194295888634         0.02258180579781
       277.58469501629531         0.02345860878551
       278.77081946183409         0.02312603202144
       279.96065243344407         0.02222457902726
       281.16915633428664         0.02122502491009
       282.34339237890072         0.02012002650781
       283.55860462386579         0.01844406779041
       284.74350603422874         0.01758099277276
       285.92850898770206         0.01691600673226
       287.14233059926585         0.01641267983755
       288.31977529682359         0.01515796784548
       289.52046324268468         0.01485453454104
       290.69288416265346         0.01558550641791
       291.85763317061190         0.01422128178925
       293.03987268551708         0.01402508144959
       294.21239453366877         0.01344255637449
       295.38735530447241         0.01288103129609
       296.55520529463325         0.01314718829725
       297.72038294937261         0.01189232282163
       298.88682501116324         0.01118325041457
       300.05394027426729         0.01086364225097
       301.21905931445656         0.01035812525092
       302.38459785312256         0.01042353724403
       303.51863905927809         0.01039403459997
       304.68826145831184         0.01042241277627
       305.81217908399850         0.01040467626444
       306.96534320768853         0.01057715973244
       308.08654648555688         0.01014467765632
       309.22400628728678         0.00932739619865
       310.34182717329975         0.00843834652276
       311.49869673833444         0.00864337880741
       312.61883360035523         0.00821217508287
       313.73534665865037         0.00794547388603
       314.86549929443305         0.00808900577340
       315.97808639457600         0.00753772904435
       317.07958806139902         0.00720932547356
       318.18089797453024         0.00691582998424
       319.29949840777755         0.00616767101405
       320.43984749349141         0.00598981348176
       321.53277085962657         0.00712006359367
       322.59929200743790         0.00734849973976
       323.66455730137875         0.00676471397438
       324.75549694872450         0.00616195698852
       325.84206383834118         0.00547263723606
       326.93247622082077         0.00572630975722
       327.99128534246006         0.00580573675580
       329.05668174969463         0.00506288283507
       330.12489819809383         0.00482945315275
       331.19935192321009         0.00483169363114
       332.23574393065763         0.00445393478448
       333.28758463565748         0.00431049134864
       334.33184646636431         0.00396282496921
       335.38649911254754         0.00343682276316
       336.42509619353649         0.00347234096049
       337.44289522733914         0.00303441926944
       338.51386915767097         0.00287988352567
       339.51190044764633         0.00260018443310
       340.53863925076973         0.00240782947749
       341.61036657706842         0.00228184045004
       342.58390536519704         0.00218010033551
       343.60558912170723         0.00199415153253
       344.62130114198027         0.00172111509863
       345.64669375455168         0.00182231630761
       346.62671001982289         0.00157985217725
       347.62475760299060         0.00146004418261
       348.63649955287048         0.00144219252091
       349.60060058592330         0.00132465507688
       350.60473837579332         0.00127926714373
       351.55920528937315         0.00114801530843
       352.56453973617852         0.00113327569110
       353.51959697282160         0.00124921734460
       354.44995381592554         0.00107352297178
       355.43795510446427         0.00088759615419
       356.37890234635898         0.00088163810155
       357.30603335577018         0.00072966527605
       358.30145264826024         0.00064245993196
       359.24412688101950         0.00066752277465
       360.21383635564052         0.00066001659997
       361.12097185060992         0.00066177883366
       362.07441196669089         0.00076403565716
       362.96848947807212         0.00076188683434
       363.89340835082072         0.00100335083549
       364.75086043197825         0.00104930335178
       365.63269952466061         0.00098031519596
       366.49087059414808         0.00083373867629
       367.37057944313915         0.00070668922957
       368.25649871995199         0.00064280891473
       369.13228591047141         0.00069775111687
       369.99820823436374         0.00052542242813
       370.85495246039659         0.00049350088075
       371.71372796888903         0.00039820340922
       372.55089679145419         0.00032030101201
       373.46382254836726         0.00029788488589
       374.30411331492411         0.00032297784690
       375.10718736536853         0.00031212109474
       375.94876151566865         0.00028017009540
       376.82343067233927         0.00024341345105
       377.62909061110577         0.00026498755143
       378.40679183250597         0.00021541034316
       379.27110780254077         0.00019490548724
       380.08265272270847         0.00021778711581
       380.85163872890473         0.00027478424442
       381.67585014575150         0.00027269047259
       382.39222190195574         0.00027951099537
       383.17224613410980         0.00018257275505
       383.92667739498398         0.00017462843176
       384.72337026446343         0.00017770678973
       385.46211005389119         0.00016695102429
       386.21418649143988         0.00014308807947
       386.95187881006393         0.00012254902517
       387.74073850533262         0.00012083990922
       388.46773632023780         0.00009530944073
       389.16138666186498         0.00009839068054
       389.90801825582543         0.00010068051853
       390.64025338454087         0.00007967406889
       391.32147581549913         0.00008519802976
       392.01011682778250         0.00008031970404
       392.71212365538435         0.00006456077188
       393.40259224529569         0.00005619463458
       394.11795294417698         0.00005032402376
       394.78944649420907         0.00004005714625
       395.47381185347842         0.00004938768010
       396.13623484321579         0.00005807460428
       396.80493380320058         0.00004748908951
       397.43175053050976         0.00005589566244
       398.03208127902678         0.00004151251197
       398.70744125085309         0.00003148150546
       399.38433253745450         0.00003086096084
       399.97224717667154         0.00004158263141
       400.60591824551301         0.00004187862093
       401.18405578249281         0.00003735403553
       401.78046109909826         0.00003630047255
       402.32971392352817         0.00003241200992
       403.00455012953563         0.00002654560405
       403.55763733934964         0.00003965227936
       404.08911520297892         0.00002483962232
       404.70721247057543         0.00003721144181
       405.17699556630754         0.00002477493677
       405.76299210642412         0.00002499557367
       406.30918020677524         0.00001903845408
       406.84533588418100         0.00001481584155
       407.31717104274179         0.00000949997448
       407.99915138778624         0.00000732278594
       408.46723899677175         0.00001686622207
       408.83497703216295         0.00001812014387
       409.45704178016763         0.00000692866341
       409.94987568143256         0.00000636243259
       410.47186047796720         0.00000940560642
       410.99436166326501         0.00000789889202
       411.35196545876971         0.00002370039638
       411.83103081140058         0.00000968626476
       412.28821037523960         0.00001321874803
       412.80306932804598         0.00001142217714
       413.15093329792887         0.00001647369142
       413.46133239092569         0.00001819784601
       413.97069498703041         0.00000302368057
       414.47402496554827         0.00001536630106
       414.88061729169931         0.00000431939120
       415.25307876948540         0.00001112576289
       415.61584571476396         0.00000686142656
       415.97556568283801         0.00000814793698
       416.50170451673472         0.00000826067040
       416.71715763354797         0.00000774754709
       417.04128966974099         0.00000547875347
       417.31847130444879         0.00000723981858
       417.78642375972782         0.00000204616602
       418.22353680793077         0.00000183969900
       418.58045586960509         0.00000776194962
       418.82942459351278         0.00000862379481
       419.04731880114110         0.00001237192176
       419.28699094098039         0.00001931248493
       419.75048273225769         0.00001477972973
       419.87174828133470         0.00000852368300
       420.11126521943692         0.00000159961676
       420.40184293306800         0.00000021374912
       420.68103712806823         0.00000130639027
       420.87709636318380         0.00000022067254
       420.94339121387657         0.00000462515222
       421.31080839535724         0.00000161725728
       421.69331737535890         0.00000006449703
       421.96522714025127         0.00000134813255
       422.13938226880219         0.00000039120131
       422.30913315627885         0.00000006354557
       422.49956799406152         0.00000547143312
       422.80336729413870         0.00000133223121
       422.98171648188145         0.00000196072514
       423.08365992967447         0.00000372601441
       423.18912487343698         0.00000000114529
       423.64056051475006         0.00000451123732
       423.91709585497921         0.00000101153234
       424.20352202063918         0.00000006227631
       424.59584048926041         0.00000163123797
       424.73966662843225         0.00000196197817
       424.81304864826200         0.00000019955560
       424.86951177273960         0.00000399115076
       425.05632504245733         0.00000406146728
       425.35234858377908         0.00000000280220
       425.48492784432045         0.00000005657733
       425.95769678796171         0.00000003564916
       426.01641859613756         0.00000004725495
       426.75816635652302         0.00000025775272
       427.03862222762234         0.00000115027312
       427.38936798873357         0.00000073125821
       427.70575181228776         0.00000000979828
       428.07714150337870         0.00000145782666
       428.41954174041865         0.00000036094778
       429.83703871143621         0.00000132481468
       430.82391808225532         0.00000000815254
       434.04116915033012         0.00000000731385
       435.10284965112078         0.00000045671898
         500           1  response strength is:    1282.3522087217318     
         501           1  response strength is:    1282.3522087174979     
         502          52  response strength is:    1282.3522087174927     
         5.41607670110183      1061.24718500570361
         6.89928233735801         2.38003850006998
         7.34941779228918        14.62449663955814
         8.54490777504875         2.02400817353792
        21.09168227196940      2321.01329215638225
        22.43010092353992         7.45142634619651
        24.33540732019618         0.66717108644083
        25.44977169606171       151.84544729900384
        25.61295657909927        33.48148486882923
        26.81091864884310        12.44273074342816
        27.06428681592989         4.85291315189436
        27.84294572932030         0.03413624365831
        28.91594837788140        10.08291444860179
        29.10701867585865         4.85638448668973
        29.78550387338575         0.08525339200350
        29.89046539128803         0.07933636888335
        30.17653102454506         0.00037083659092
        30.67091477886641        14.57927995149433
        30.87858498166302         5.01606520089275
        31.11994029575994         0.07189939091577
        31.18954146969676         0.38081665362257
        31.65101404958407         0.00234543963158
        32.05196888956135         4.06979272412999
        32.34223991301715         0.01907598855080
        32.57840528129601         0.03669948292257
        33.12198215873106         0.50142898303926
        33.25460335641171         0.04945071898653
        33.75837696713417         0.25113547715106
        33.91484416334765         0.00308191569363
        34.14192673120631         0.09459640826055
        34.19487141115639         0.00858130009933
        34.35457767582640         0.01081598167998
        34.73139938630229         0.32042239303892
        34.83381222590305         0.01508141956799
        35.03321374718223         0.07284323098209
        35.17491150872537         0.04137268195720
        35.47438499143296         0.03674786361281
        35.65516887322222         0.09168344079668
        35.82203130617233         0.18444888369962
        36.09621265040776         0.31736626540360
        36.32227479765019         0.17110096643244
        36.60910777545000         0.26013223423658
        36.90744710603936         0.27064311984873
        37.14001563296137         0.36373997627763
        37.44152470805273         0.37886287231166
        37.74694370121949         0.20509169781823
        38.08133053874216         0.16267201068734
        38.36605667853769         0.19895176384336
        38.69496221198936         0.51959117041097
        39.03712955643272         0.16232655355202
        39.39276342998783         0.14344746593668
        39.79789418534940         0.31191659703026
        40.16806527643409         0.21380707382820
        40.47598150779488         0.27267047683493
        40.80931059136481         0.34972324007462
        41.26951796572689         0.17789748629938
        41.55705084088609         0.09663227824749
        42.07569247161440         0.04108628010032
        42.58951246291232         0.07520915270594
        42.82943663772928         0.19163487813803
        43.35913766259650         0.13890043167433
        44.03636329107918         0.73263573168701
        44.16806510528573         0.20092055931270
        44.85698794549334         0.04222567812005
        45.28632111965085         0.07903390173284
        45.72203248139100         0.20710283379276
        46.21727314118866         0.08165936727274
        46.66194225552687         0.48423899558345
        47.19014278576061         0.08811263298844
        47.77173437620735         0.05560367716136
        48.28922800003335         0.07980990217150
        48.75169299630412         0.09573635997387
        49.27224011373607         0.07785740912856
        49.86834231496361         0.06543479216777
        50.36512282507987         0.09120182399481
        50.94028725711952         0.09202672395799
        51.57224840047697         0.17565704649282
        52.09314477078294         0.13378320413764
        52.66940258615276         0.16626681879236
        53.24447219967620         0.15076692721473
        53.79654564485027         0.20888620337645
        54.44864839090125         0.16856239190791
        55.04209012326903         0.24267959089607
        55.67374258518880         0.25254937596696
        56.26531885856350         0.34000186082101
        56.86744493159645         0.44450309294955
        57.48427918763864         0.40403212979226
        58.11782440748334         0.37285991378084
        58.75250788663449         0.39295308237483
        59.37041731089580         0.47846523658359
        60.04753979923689         0.42760225844002
        60.70825155953467         0.49631249158441
        61.36408081178289         0.51983633654398
        62.04959317189526         0.61439296453157
        62.63931479360242         0.58084132436263
        63.35438252621584         0.41239744478249
        64.03488699100608         0.45471377189622
        64.72623582285023         0.48745251597375
        65.44375569378192         0.36285974039939
        66.17298696123810         0.44688451470060
        66.86138806395131         0.49906796279818
        67.55633308633975         0.38901952759802
        68.33423763074740         0.28810100396629
        69.05494511315570         0.33315135120774
        69.78613496854202         0.26940063038671
        70.55233398686235         0.22389057923615
        71.35755765123371         0.23284918207332
        72.10272922208486         0.25100657462084
        72.90558547712889         0.27377438646007
        73.69137368174867         0.31465496398286
        74.45301496239703         0.33311988821642
        75.22842815763893         0.27803517684136
        76.04849452057307         0.27557439615446
        76.84564825351509         0.31155081216458
        77.62770094510410         0.27877932766087
        78.46093656646413         0.26926182596371
        79.29451316220694         0.32276780729909
        80.12602829982757         0.35376735542668
        80.95281243323392         0.41412445021065
        81.75841775805357         0.40007992086342
        82.58038273467223         0.45070652673813
        83.43900767970212         0.36331609919137
        84.29982716426487         0.40642029576420
        85.13749234191050         0.40007818974770
        86.00109131971372         0.39267153408900
        86.87278736602600         0.37255610757696
        87.74448615535584         0.36922133462124
        88.61192290081650         0.38723333251572
        89.50157013513984         0.33707590395531
        90.38717560051303         0.33514119941000
        91.28967928544088         0.28388099194787
        92.19085282403388         0.28822553122178
        93.10400386908474         0.29197198518536
        94.01549557055100         0.26606164873769
        94.92297920934126         0.24699621064983
        95.87925236131902         0.24302341161730
        96.81672673809194         0.25074484125755
        97.76508154337951         0.27568957554963
        98.65655439589464         0.22784775786045
        99.65821140497286         0.23960442043648
       100.59477078337991         0.25241307008359
       101.55759795863239         0.26725282683421
       102.55041284962995         0.27317032909983
       103.49032658406463         0.30902931387646
       104.47099805587474         0.30427748015539
       105.45056119634505         0.31329054793438
       106.42746164182616         0.33503644991331
       107.41988012785843         0.37297578486303
       108.40364232036214         0.40669285031656
       109.38991075786474         0.46935349044160
       110.36266385578180         0.50540656234449
       111.35718420907095         0.56280017993625
       112.32682553462716         0.56782551892411
       113.29702905284148         0.46476519646888
       114.30413772646017         0.41772716773365
       115.32016791164473         0.34947562646664
       116.36214654076470         0.32208469147295
       117.39629870480879         0.31411084601301
       118.43143031790403         0.29985191687509
       119.47444059224253         0.30218528374718
       120.52951322323091         0.30074492044052
       121.56581567866451         0.30070225780844
       122.61331195336432         0.27152641810227
       123.67701069320664         0.27247364971345
       124.73876265612496         0.27099646279047
       125.81413526756819         0.27008861283936
       126.88490591967542         0.28664498549116
       127.96235603474915         0.29340947126650
       129.04034508613839         0.30275065117237
       130.10000037313364         0.32634676132460
       131.17723884438900         0.30445875873278
       132.26707155709113         0.28624918446431
       133.37260006197721         0.27719463779524
       134.47557602899673         0.29906394567208
       135.57378664173029         0.29468428003430
       136.68945580285245         0.30318287957054
       137.79451525380225         0.30881641979317
       138.92672147109130         0.34379581988109
       140.05485546643007         0.38224795434736
       141.16359771355667         0.44162375921678
       142.29911836661779         0.52970961769316
       143.42784318134079         0.70065089679620
       144.52544124743991         1.03761879078871
       145.59586291336063         1.39524186336272
       146.61350215422942         1.71734122628537
       147.64979512441238         1.55647600133150
       148.68285575112355         1.17652644343366
       149.77200686858524         0.67269321090882
       150.92050562782410         0.40921116558302
       152.09507676299569         0.31577537484563
       153.27330678197072         0.26408025709713
       154.43192154840685         0.22313192290787
       155.60164424216089         0.20105176481680
       156.78723998802982         0.17568786693827
       157.96724870323379         0.17379517310138
       159.14040452476354         0.16101879657967
       160.31126784094937         0.15945632430636
       161.49489097065847         0.15332991838979
       162.65461317685580         0.13571640688776
       163.85421818211088         0.13091325966632
       165.04987481041951         0.13352090632726
       166.22985942149134         0.13554768978872
       167.41243393245796         0.14200174210859
       168.59592979630716         0.13538329061362
       169.79266550078745         0.13491676281419
       170.98724348407976         0.12893029243718
       172.18056830724640         0.13071590111418
       173.38398812914039         0.13526495388909
       174.57141026413532         0.14596086092491
       175.74383821433184         0.14257918103511
       176.94595056071606         0.13287307902096
       178.14103112205072         0.12349071482811
       179.35654767334472         0.12621984993650
       180.55353404319840         0.12046832055513
       181.77632046661364         0.12069540923576
       182.97532357341964         0.12150293515895
       184.18104163004799         0.11661874116915
       185.39809163870555         0.11931899105951
       186.59049487498763         0.11355907347359
       187.81039184125450         0.10658296421744
       189.03040596778186         0.09683862723388
       190.26432365215919         0.09560584086311
       191.49536988089443         0.09730631198955
       192.70044771775113         0.09893941722965
       193.92463034155520         0.09426612229543
       195.15423185727508         0.09292906902001
       196.38102373232195         0.09202472052067
       197.61161127721792         0.08768668954183
       198.84487110503918         0.08503631628701
       200.06901634202879         0.08523346154315
       201.30721097977860         0.08032435639064
       202.56599571531609         0.08536330395575
       203.78895777230741         0.09138397940414
       205.01238509050950         0.09032174174959
       206.24703091713263         0.09108786911327
       207.49255884504356         0.09366626309353
       208.71373351472153         0.09838305858027
       209.95028038332106         0.09501163514590
       211.17582579380337         0.09803468766578
       212.39816485545825         0.09361324894876
       213.64884544181476         0.09077670806902
       214.88099246936710         0.09732852595135
       216.09924332146338         0.09539285163498
       217.33300740867284         0.08881515302377
       218.57419684377493         0.08559621615391
       219.84030658539743         0.08510560631078
       221.07107233335373         0.09552897520583
       222.27597970712083         0.10380024427385
       223.48054969336351         0.09384280215516
       224.69927274441181         0.08092502326937
       225.94526018388879         0.07143914227584
       227.19907280674104         0.06511739613718
       228.46143141999471         0.06197847129999
       229.70305400990705         0.06289344023413
       230.94042656668449         0.06106482270767
       232.17554466092454         0.05945496000069
       233.41681655174580         0.05855421469145
       234.64738872787299         0.05460393118689
       235.90139362235698         0.05245006895823
       237.15089603899509         0.05103824424248
       238.38751250423002         0.05334466753110
       239.62065044858628         0.05327057852096
       240.83852777688034         0.05049251038000
       242.09062815030677         0.04950185670709
       243.32402126754764         0.04627886102986
       244.57024115942113         0.04681771979378
       245.78709447693552         0.04594829842374
       247.01638908953697         0.04386543850083
       248.26089790279707         0.04271935484372
       249.47945127632696         0.03981995317680
       250.72418645431151         0.03705858036148
       251.96010474244187         0.03567600856288
       253.17982985933369         0.03606284744233
       254.42525483128486         0.03502261144033
       255.62844572408659         0.03242508974273
       256.86215123845534         0.02872069550706
       258.10538840813479         0.02795053958048
       259.33819838665295         0.02589432211805
       260.57249220372910         0.02678343366361
       261.81014626794428         0.02509595755099
       263.02859468752547         0.02438709877930
       264.26568650451753         0.02487178002582
       265.49372293217436         0.02573209009925
       266.70826248867189         0.02615659393618
       267.92807335763399         0.02606969846999
       269.14629864765266         0.02688324713850
       270.34535446464452         0.02844145688972
       271.53123602402576         0.02851047158065
       272.74043561001963         0.02833547746251
       273.93265361765003         0.02565091029787
       275.13270659050534         0.02399032165412
       276.35238223465467         0.02251057606428
       277.56178216592298         0.02336221160988
       278.74389800797337         0.02307529101850
       279.93066054235970         0.02220546567570
       281.13520409139016         0.02114960926127
       282.30630789858998         0.02015180906797
       283.51700424634089         0.01838139091936
       284.69761204028691         0.01756823676876
       285.88117495700862         0.01694478182561
       287.09169407340426         0.01633245360772
       288.26239114853348         0.01516464331205
       289.45897067323176         0.01477344695701
       290.63015121294131         0.01554099383158
       291.78867032651328         0.01425822238063
       292.97052174903627         0.01400783744742
       294.13961846899804         0.01344492444243
       295.31106355380177         0.01286921385740
       296.47963761844613         0.01313410279197
       297.63708998855799         0.01190601099440
       298.79951866689163         0.01119463719493
       299.96434657477101         0.01085673147584
       301.12403549386937         0.01034328955231
       302.28567449030152         0.01034748279606
       303.41899491454592         0.01044941559880
       304.58567792945297         0.01031417372461
       305.70753452345127         0.01045603679117
       306.86066157471606         0.01049876960618
       307.97672258357079         0.01018898974050
       309.10726758973925         0.00933009854740
       310.22161795097065         0.00856209915314
       311.38292940141639         0.00856348985451
       312.49368937416079         0.00821708630206
       313.60962780424990         0.00798978140806
       314.74151272001853         0.00804001028705
       315.84260073754490         0.00753382100535
       316.94214242767754         0.00725755907674
       318.04741865622509         0.00699205522688
       319.15979484427231         0.00621676649840
       320.28918471131817         0.00587634467451
       321.39030673833020         0.00699256411315
       322.45471215189644         0.00735096167265
       323.51745265746371         0.00687923643966
       324.60565805562800         0.00620027038119
       325.68216611502930         0.00552237925927
       326.77875080452924         0.00566860917037
       327.83882337241414         0.00582564296498
       328.89102322516180         0.00512545660805
       329.96107104218430         0.00486308547527
       331.03318139676429         0.00477267210597
       332.06167820620749         0.00453337761711
       333.11980092347147         0.00434022687996
       334.16128351573172         0.00401541529101
       335.20220288059306         0.00346824438249
       336.24982821105885         0.00348056466158
       337.26522435193834         0.00314464467341
       338.33140261686640         0.00282019608434
       339.32448491962231         0.00269606512786
       340.36546926908056         0.00246912662635
       341.41999394774206         0.00219770337803
       342.39438370523345         0.00226416563662
       343.42092501324350         0.00201852716641
       344.42560340669519         0.00175694612102
       345.45987584081132         0.00178308351523
       346.42193410143966         0.00163020762299
       347.42702635271729         0.00148921078751
       348.43752418148932         0.00141999152143
       349.39917336667821         0.00137053800171
       350.40293274352143         0.00126224618111
       351.35493267207170         0.00119776336027
       352.36207252231196         0.00110942807121
       353.32658392723130         0.00123433639172
       354.24915751615833         0.00112723567806
       355.21637727274305         0.00088896404133
       356.16849167672501         0.00089457910192
       357.09737058312822         0.00078052335046
       358.08452218724943         0.00063538655573
       359.03672383333276         0.00067032423520
       359.98517486072529         0.00063330114050
       360.89516910841769         0.00067941448094
       361.85723842556666         0.00072005331373
       362.74039662747902         0.00077383483311
       363.69015060779896         0.00093161102408
       364.54091348678293         0.00105849737245
       365.41252884992957         0.00098196421343
       366.26562873918317         0.00088332481907
       367.15004620772731         0.00073925906347
       368.04291640379984         0.00065755891155
       368.93957732402959         0.00068841413510
       369.76281343810609         0.00054988446900
       370.63549645179887         0.00050687705038
       371.47900916583791         0.00041696777838
       372.32976536921467         0.00035252288038
       373.23727746938016         0.00028589962751
       374.08209609198241         0.00031783599282
       374.90357272112169         0.00032980104148
       375.75262319560505         0.00028748781350
       376.58872739066118         0.00023395348795
       377.40495536842633         0.00026247894361
       378.18568998411570         0.00024000352371
       379.04353787416960         0.00018914622815
       379.86095751452979         0.00021113059676
       380.67043903232576         0.00027365991312
       381.45287470976581         0.00024811417737
       382.18493381515543         0.00029614048062
       382.92033401114315         0.00020032892143
       383.72091119644534         0.00018621445407
       384.52327755124065         0.00017074020149
       385.25828606118512         0.00017268670848
       386.00414092351696         0.00014813710428
       386.74964086498039         0.00013091111538
       387.52298607754346         0.00011179045532
       388.20346561524190         0.00010188957675
       388.95720139112370         0.00010585184315
       389.71346886050100         0.00009717918271
       390.39126680805907         0.00008076946412
       391.11283919518860         0.00008828262826
       391.81730262217792         0.00008352938705
       392.50563142578221         0.00006759378709
       393.20265972085838         0.00005915423831
       393.90078399286926         0.00004912667283
       394.55711426012618         0.00004416791728
       395.29126015381553         0.00004769282173
       395.96344728399197         0.00005580107436
       396.58212945077236         0.00004743725736
       397.24223690832764         0.00005495206720
       397.84203842601858         0.00004851798773
       398.50846712982457         0.00003241499424
       399.16079424772892         0.00002860496659
       399.80231233171963         0.00004158695563
       400.41252602098234         0.00003889066728
       400.98419392021566         0.00004022061609
       401.59518080831037         0.00003668384629
       402.17886323445845         0.00003698779712
       402.80565657668325         0.00002323994152
       403.39146490231661         0.00003651193655
       403.89140094688184         0.00003111277790
       404.53968454889707         0.00002943797718
       404.99827962169871         0.00003355346026
       405.61840201286316         0.00002378135996
       406.12398180313238         0.00001968497248
       406.64098431523598         0.00001572654165
       407.15197638539649         0.00001307939451
       407.75183294645711         0.00000541304924
       408.31074561373612         0.00001411681143
       408.74889716750494         0.00002299002066
       409.30403994479963         0.00000643672255
       409.79624163207478         0.00000679312810
       410.34112867180215         0.00000812715806
       410.76143891584343         0.00000686528592
       411.28512113118188         0.00002447115985
       411.70036507333708         0.00001056845209
       412.19714413390926         0.00001282709262
       412.61437393966906         0.00000823877580
       413.02548187748471         0.00001740980971
       413.41010689931539         0.00002228336948
       413.86791882304618         0.00000352470256
       414.44416056267403         0.00001393021949
       414.73341964220742         0.00000480186782
       415.19217491972336         0.00001049765820
       415.52888188045182         0.00000760667093
       415.92795035228187         0.00000869203097
       416.32599826747520         0.00000302510351
       416.61378195035201         0.00001213837435
       416.97274993702058         0.00000623182568
       417.30091988545922         0.00000801039538
       417.76713168124968         0.00000205350440
       418.18526932443518         0.00000162680126
       418.53867894159634         0.00000588913327
       418.75676819556912         0.00000822676466
       419.01256770967206         0.00001382265236
       419.27929149714771         0.00002027488873
       419.70745969795991         0.00000703093866
       419.82069810794104         0.00001561348492
       420.05780172054739         0.00000225911548
       420.30815380049160         0.00000033352926
       420.65850889579059         0.00000103069568
       420.75327467283785         0.00000041063992
       420.94246438753436         0.00000475501634
       421.31079729662270         0.00000161741923
       421.69327673273057         0.00000006449776
       421.96522492582079         0.00000134812178
       422.13937578035132         0.00000039121222
       422.30912222274782         0.00000006355333
       422.49956798268028         0.00000547143408
       422.80336729042256         0.00000133223121
       422.98171647995792         0.00000196072514
       423.08365992931101         0.00000372601444
       423.18912482534506         0.00000000114529
       423.64056051475006         0.00000451123732
       423.91709585497904         0.00000101153234
       424.20352202063896         0.00000006227631
       424.59584048926047         0.00000163123797
       424.73966662843213         0.00000196197817
       424.81304864826200         0.00000019955560
       424.86951177273960         0.00000399115076
       425.05632504245727         0.00000406146728
       425.35234858377885         0.00000000280220
       425.48492784432062         0.00000005657733
       425.95769678796171         0.00000003564916
       426.01641859613756         0.00000004725495
       426.75816635652296         0.00000025775272
       427.03862222762245         0.00000115027312
       427.38936798873357         0.00000073125821
       427.70575181228764         0.00000000979828
       428.07714150337887         0.00000145782666
       428.41954174041871         0.00000036094778
       429.83703871143587         0.00000132481468
       430.82391808225537         0.00000000815254
       434.04116915033057         0.00000000731385
 electric dipole polarizability:    1282.3522087174927     
 m1, energy weight E*R sum:         68264.381328253483     
 m0, R(E) sum:                      3714.4704711684431     
 centroid m1/m0:                    18.377957735326909     
               E                R(E)           photodisintegration cross section
